16.09
10.68
12.03
10.91
9.29
15.11
9.13
4.43
6.30
12.08
16.88
15.84
9.59
19.71
17.59
19.17
13.11
5.23
19.44
12.24
17.36
15.20
4.87
17.06
14.82
18.77
19.58
18.77
14.05
8.01
16.00
19.84
16.81
11.49
18.53
5.47
11.58
9.95
17.95
16.44
19.20
11.65
17.12
11.77
4.36
7.00
10.57
4.81
13.09
16.70
5.62
5.78
11.83
11.72
17.75
6.60
18.19
16.21
10.15
19.06
13.45
10.55
14.61
14.03
6.26
11.08
14.91
18.39
15.31
12.21
12.13
5.89
11.05
12.50
19.31
16.80
17.60
12.55
16.38
5.78
14.91
12.90
19.63
17.99
17.81
5.08
15.40
10.14
5.66
7.90
14.73
17.39
11.11
13.10
5.78
11.55
8.63
18.74
14.96
5.25
14.16
14.80
4.29
16.09
6.25
13.08
9.37
17.55
4.79
4.99
5.46
5.42
11.98
17.51
5.72
16.88
8.61
16.69
15.79
9.25
9.55
8.71
18.78
11.59
8.75
8.42
6.98
14.21
7.46
7.88
10.35
17.24
16.89
14.00
5.67
12.84
9.65
9.27
13.25
13.07
18.66
12.29
15.67
12.67
7.78
17.63
19.62
9.63
12.00
6.17
8.59
15.50
12.95
16.49
12.04
18.34
7.42
12.43
9.90
6.78
7.51
17.45
10.59
15.59
16.43
19.37
10.83
13.48
8.91
19.91
10.98
6.85
8.34
9.68
15.33
19.67
14.67
8.27
14.03
15.08
5.89
13.66
13.60
5.16
5.17
6.46
19.45
7.40
13.12
15.33
19.72
16.04
19.03
14.68
14.24
8.30
12.00
10.73
13.97
16.13
